Barts_com 51029.3532 51234.4444 51499.3899 52969.1957 51683.393 51373.3111 51526.6031 51002.7471 51586.7523 51651.2472 51163.4998 52139.7548 51427.893 51216.8669 53072.5041 50321.6779 51331.4986 50809.5953 52084.2438 50977.9471 53056.2032 51618.0629 50210.3133 51970.2567 51415.7651 52092.0545 52184.7788 51342.3441 51570.265 51938.3033
Birmingham_com 50977.9471 53056.2032 51618.0629 50210.3133 51970.2567 51415.7651 52092.0545 52184.7788 51342.3441 51570.265 51938.3033 51029.3532 51234.4444 51499.3899 52969.1957 51683.393 51373.3111 51526.6031 51002.7471 51586.7523 51651.2472 51163.4998 52139.7548 51427.893 51216.8669 53072.5041 50321.6779 51331.4986 50809.5953 52084.2438
Bristol_com 51586.7523 51651.2472 51163.4998 52139.7548 51427.893 51216.8669 53072.5041 50321.6779 51331.4986 50809.5953 52084.2438 50977.9471 53056.2032 51618.0629 50210.3133 51970.2567 51415.7651 52092.0545 52184.7788 51342.3441 51570.265 51938.3033 51029.3532 51234.4444 51499.3899 52969.1957 51683.393 51373.3111 51526.6031 51002.7471
Bury_com 51342.3441 51570.265 51938.3033 51029.3532 51234.4444 51499.3899 52969.1957 51683.393 51373.3111 51526.6031 51002.7471 51586.7523 51651.2472 51163.4998 52139.7548 51427.893 51216.8669 53072.5041 50321.6779 51331.4986 50809.5953 52084.2438 50977.9471 53056.2032 51618.0629 50210.3133 51970.2567 51415.7651 52092.0545 52184.7788
Cardiff_com 51331.4986 50809.5953 52084.2438 50977.9471 53056.2032 51618.0629 50210.3133 51970.2567 51415.7651 52092.0545 52184.7788 51342.3441 51570.265 51938.3033 51029.3532 51234.4444 51499.3899 52969.1957 51683.393 51373.3111 51526.6031 51002.7471 51586.7523 51651.2472 51163.4998 52139.7548 51427.893 51216.8669 53072.5041 50321.6779
Croydon_com 51373.3111 51526.6031 51002.7471 51586.7523 51651.2472 51163.4998 52139.7548 51427.893 51216.8669 53072.5041 50321.6779 51331.4986 50809.5953 52084.2438 50977.9471 53056.2032 51618.0629 50210.3133 51970.2567 51415.7651 52092.0545 52184.7788 51342.3441 51570.265 51938.3033 51029.3532 51234.4444 51499.3899 52969.1957 51683.393
Edinburgh_com 51415.7651 52092.0545 52184.7788 51342.3441 51570.265 51938.3033 51029.3532 51234.4444 51499.3899 52969.1957 51683.393 51373.3111 51526.6031 51002.7471 51586.7523 51651.2472 51163.4998 52139.7548 51427.893 51216.8669 53072.5041 50321.6779 51331.4986 50809.5953 52084.2438 50977.9471 53056.2032 51618.0629 50210.3133 51970.2567
Glasgow_com 51216.8669 53072.5041 50321.6779 51331.4986 50809.5953 52084.2438 50977.9471 53056.2032 51618.0629 50210.3133 51970.2567 51415.7651 52092.0545 52184.7788 51342.3441 51570.265 51938.3033 51029.3532 51234.4444 51499.3899 52969.1957 51683.393 51373.3111 51526.6031 51002.7471 51586.7523 51651.2472 51163.4998 52139.7548 51427.893
Hounslow_com 51499.3899 52969.1957 51683.393 51373.3111 51526.6031 51002.7471 51586.7523 51651.2472 51163.4998 52139.7548 51427.893 51216.8669 53072.5041 50321.6779 51331.4986 50809.5953 52084.2438 50977.9471 53056.2032 51618.0629 50210.3133 51970.2567 51415.7651 52092.0545 52184.7788 51342.3441 51570.265 51938.3033 51029.3532 51234.4444
Leeds_com 51618.0629 50210.3133 51970.2567 51415.7651 52092.0545 52184.7788 51342.3441 51570.265 51938.3033 51029.3532 51234.4444 51499.3899 52969.1957 51683.393 51373.3111 51526.6031 51002.7471 51586.7523 51651.2472 51163.4998 52139.7548 51427.893 51216.8669 53072.5041 50321.6779 51331.4986 50809.5953 52084.2438 50977.9471 53056.2032
Liverpool_com 51163.4998 52139.7548 51427.893 51216.8669 53072.5041 50321.6779 51331.4986 50809.5953 52084.2438 50977.9471 53056.2032 51618.0629 50210.3133 51970.2567 51415.7651 52092.0545 52184.7788 51342.3441 51570.265 51938.3033 51029.3532 51234.4444 51499.3899 52969.1957 51683.393 51373.3111 51526.6031 51002.7471 51586.7523 51651.2472
Manchester_com 51938.3033 51029.3532 51234.4444 51499.3899 52969.1957 51683.393 51373.3111 51526.6031 51002.7471 51586.7523 51651.2472 51163.4998 52139.7548 51427.893 51216.8669 53072.5041 50321.6779 51331.4986 50809.5953 52084.2438 50977.9471 53056.2032 51618.0629 50210.3133 51970.2567 51415.7651 52092.0545 52184.7788 51342.3441 51570.265
Middlesborough_com 52084.2438 50977.9471 53056.2032 51618.0629 50210.3133 51970.2567 51415.7651 52092.0545 52184.7788 51342.3441 51570.265 51938.3033 51029.3532 51234.4444 51499.3899 52969.1957 51683.393 51373.3111 51526.6031 51002.7471 51586.7523 51651.2472 51163.4998 52139.7548 51427.893 51216.8669 53072.5041 50321.6779 51331.4986 50809.5953
Newcastle_com 51002.7471 51586.7523 51651.2472 51163.4998 52139.7548 51427.893 51216.8669 53072.5041 50321.6779 51331.4986 50809.5953 52084.2438 50977.9471 53056.2032 51618.0629 50210.3133 51970.2567 51415.7651 52092.0545 52184.7788 51342.3441 51570.265 51938.3033 51029.3532 51234.4444 51499.3899 52969.1957 51683.393 51373.3111 51526.6031
Nottingham_com 52184.7788 51342.3441 51570.265 51938.3033 51029.3532 51234.4444 51499.3899 52969.1957 51683.393 51373.3111 51526.6031 51002.7471 51586.7523 51651.2472 51163.4998 52139.7548 51427.893 51216.8669 53072.5041 50321.6779 51331.4986 50809.5953 52084.2438 50977.9471 53056.2032 51618.0629 50210.3133 51970.2567 51415.7651 52092.0545
Oxford_com 50321.6779 51331.4986 50809.5953 52084.2438 50977.9471 53056.2032 51618.0629 50210.3133 51970.2567 51415.7651 52092.0545 52184.7788 51342.3441 51570.265 51938.3033 51029.3532 51234.4444 51499.3899 52969.1957 51683.393 51373.3111 51526.6031 51002.7471 51586.7523 51651.2472 51163.4998 52139.7548 51427.893 51216.8669 53072.5041
Reading_com 51683.393 51373.3111 51526.6031 51002.7471 51586.7523 51651.2472 51163.4998 52139.7548 51427.893 51216.8669 53072.5041 50321.6779 51331.4986 50809.5953 52084.2438 50977.9471 53056.2032 51618.0629 50210.3133 51970.2567 51415.7651 52092.0545 52184.7788 51342.3441 51570.265 51938.3033 51029.3532 51234.4444 51499.3899 52969.1957
Sheffield_com 51970.2567 51415.7651 52092.0545 52184.7788 51342.3441 51570.265 51938.3033 51029.3532 51234.4444 51499.3899 52969.1957 51683.393 51373.3111 51526.6031 51002.7471 51586.7523 51651.2472 51163.4998 52139.7548 51427.893 51216.8669 53072.5041 50321.6779 51331.4986 50809.5953 52084.2438 50977.9471 53056.2032 51618.0629 50210.3133
Stoke_com 51427.893 51216.8669 53072.5041 50321.6779 51331.4986 50809.5953 52084.2438 50977.9471 53056.2032 51618.0629 50210.3133 51970.2567 51415.7651 52092.0545 52184.7788 51342.3441 51570.265 51938.3033 51029.3532 51234.4444 51499.3899 52969.1957 51683.393 51373.3111 51526.6031 51002.7471 51586.7523 51651.2472 51163.4998 52139.7548
